29356632
29356624
29356616
29356608
29356664
29356656
29356648
29356640
104014200
104014192
104014184
104014176
104014232
104014224
104014216
104014208
104014264
104014256
104014248
104014240
21583896
21583888
21583880
21583872
21583928
21583920
21583912
21583904
32378512
32378520
32378496
32378504
32378528
32378536
32378544
32378552
104014328
104014320
104014312
104014304
21583768
21583760
21583752
21583744
21583800
21583792
21583784
21583776
104014296
104014288
104014280
104014272
104014360
104014352
104014344
104014336
104014392
104014384
104014376
104014368
29357112
29357104
29357096
29357088
21039768
21039760
21039752
21039744
21039800
21039792
21039784
21039776
132807468
67
64
21039832
21039824
21039816
21039808
21039864
21039856
21039848
21039840
21039896
21039888
21039880
21039872
21039928
21039920
21039912
21039904
25792900
25792908
25792916
25792924
27741592
27741584
27741576
27741568
27741624
27741616
27741608
27741600
31542688
31542696
31542704
31542712
27741656
27741648
27741640
27741632
27741688
27741680
27741672
27741664
102297640
102297632
102297656
102297648
123699480
123699472
123699464
123699456
123699512
123699504
123699496
123699488
29333476
29333484
29333492
29333500
17368336
17368344
17368320
17368328
17368352
17368360
17368368
17368376
21039960
21039952
21039944
21039936
21039992
21039984
21039976
21039968
21585560
21585552
21585544
21585536
21585592
21585584
21585576
21585568
21585624
21585616
21585608
21585600
21585720
21585712
21585704
21585696
21585752
21585744
21585736
21585728
26173248
26173256
26173264
26173272
21585784
21585776
21585768
21585760
33326304
33326312
33326320
33326328
29536912
29536920
29536896
29536904
33010336
33010344
33010352
33010360
29536928
29536936
29536944
29536952
28947752
28947744
28947768
28947760
29668656
29668664
29668640
29668648
23835904
23835912
23835920
23835928
29667488
29667496
29667504
29667512
61190304
61190312
61190320
61190328
120038792
120038784
120038808
120038800
120038816
120038824
120038832
120038840
31233552
31233560
31233536
31233544
31233568
31233576
31233584
31233592
33326336
33326344
33326352
33326360
33326368
33326376
33326384
33326392
32293992
32293984
32294008
32294000
32896944
32896952
32896928
32896936
26610084
26610092
26610100
26610108
33448280
33448272
33448264
33448256
33448288
33448296
33448304
33448312
33453408
33453416
33453424
33453432
32985192
32985184
32985208
32985200
28861120
28861128
28861136
28861144
28861152
28861160
28861168
28861176
28862296
28862288
28862280
28862272
28862304
28862312
28862320
28862328
33326400
33326408
33326416
33326424
33326432
33326440
33326448
33326456
33874768
33874776
33874752
33874760
33874784
33874792
33874800
33874808
25793232
25793240
25793216
25793224
25793248
25793256
25793264
25793272
21040024
21040016
21040008
21040000
21040056
21040048
21040040
21040032
21585880
21585872
21585864
21585856
21585912
21585904
21585896
21585888
21606488
21606480
21606472
21606464
21606520
21606512
21606504
21606496
21606552
21606544
21606536
21606528
21606584
21606576
21606568
21606560
21606616
21606608
21606600
21606592
21606648
21606640
21606632
21606624
21606680
21606672
21606664
21606656
21606712
21606704
21606696
21606688
21606808
21606800
21606792
21606784
21606840
21606832
21606824
21606816
21606872
21606864
21606856
21606848
21606904
21606896
21606888
21606880
21606936
21606928
21606920
21606912
21606968
21606960
21606952
21606944
33681976
33681968
33681960
33681952
27701632
27701640
27701648
27701656
27701664
27701672
27701680
27701688
21040184
21040176
21040168
21040160
21040216
21040208
21040200
21040192
21040248
21040240
21040232
21040224
21040280
21040272
21040264
21040256
21040312
21040304
21040296
21040288
21607384
21607376
21607368
21607360
21607416
21607408
21607400
21607392
21607448
21607440
21607432
21607424
21607544
21607536
21607528
21607520
21607576
21607568
21607560
21607552
21607608
21607600
21607592
21607584
33404032
33404040
33404048
33404056
33404064
33404072
33404080
33404088
21607704
21607696
21607688
21607680
21607736
21607728
21607720
21607712
21607640
21607632
21607624
21607616
21607672
21607664
21607656
21607648
26609976
26609968
26609960
26609952
21607768
21607760
21607752
21607744
33011008
33011016
33011024
33011032
21607800
21607792
21607784
21607776
21040440
21040432
21040424
21040416
21040472
21040464
21040456
21040448
21040504
21040496
21040488
21040480
21040536
21040528
21040520
21040512
21040568
21040560
21040552
21040544
21040632
21040624
21040616
21040608
21040664
21040656
21040648
21040640
21040696
21040688
21040680
21040672
21040728
21040720
21040712
21040704
21040760
21040752
21040744
21040736
24202520
24202512
24202504
24202496
24202552
24202544
24202536
24202528
25992162
25992170
25992178
25992186
25992084
25992092
25992068
25992076
25992100
25992108
25992116
25992124
25992408
25992400
25992392
25992384
25992416
25992424
25992432
25992440
29356696
29356688
29356680
29356672
29356728
29356720
29356712
29356704
25859552
25859560
25859568
25859576
26000250
26000242
26000234
26000226
25991394
25991402
25991410
25991418
25991316
25991324
25991300
25991308
25991332
25991340
25991348
25991356
25991640
25991632
25991624
25991616
25991648
25991656
25991664
25991672
25859756
25859748
25859772
25859764
25989946
25989938
25989930
25989922
25989868
25989860
25989884
25989876
25990192
25990200
25990176
25990184
26776608
26776616
26776624
26776632
25990208
25990216
25990224
25990232
25990240
25990248
25990256
25990264
1115160
1115152
1115144
1115136
1115192
1115184
1115176
1115168
21040792
21040784
21040776
21040768
21040824
21040816
21040808
21040800
25793516
25793508
25793532
25793524
21040952
21040944
21040936
21040928
30232568
30232560
30232552
30232544
26681368
26681360
26681352
26681344
26681400
26681392
26681384
26681376
26681464
26681456
26681448
26681440
26681496
26681488
26681480
26681472
26681528
26681520
26681512
26681504
26681560
26681552
26681544
26681536
26681592
26681584
26681576
26681568
26681656
26681648
26681640
26681632
26681720
26681712
26681704
26681696
102175428
102175436
102175444
102175452
102175460
102175468
102175476
102175484
23835360
23835368
23835376
23835384
27649752
27649744
27649736
27649728
27649784
27649776
27649768
27649760
61007584
61007592
61007600
61007608
26681752
26681744
26681736
26681728
26681784
26681776
26681768
26681760
26682168
26682160
26682152
26682144
26682200
26682192
26682184
26682176
26682233
26682224
26682216
26682208
26694552
26694544
26694536
26694528
26682392
26682384
26682376
26682368
26682424
26682416
26682408
26682400
26681688
26681680
26681672
26681664
102175488
102175496
102175504
102175512
102175520
102175528
102175536
102175544
93008472
93008464
93008456
93008448
93008504
93008496
93008488
93008480
28947229
28947221
28947213
28947205
23835424
23835432
23835440
23835448
28947237
28947245
28947253
28947261
28947192
28947184
28947176
28947168
27667544
27667536
27667528
27667520
27667576
27667568
27667560
27667552
26699640
26699632
26699624
26699616
27667608
27667600
27667592
27667584
27667640
27667632
27667624
27667616
26699768
26699760
26699752
26699744
103901120
103901128
103901136
103901144
103901152
103901160
103901168
103901176
26681816
26681808
26681800
26681792
26681848
26681840
26681832
26681824
28946616
28946608
28946600
28946592
29666104
29666096
29666088
29666080
32723165
32723157
32723149
32723141
32723173
32723181
32723189
32723197
32723128
32723120
32723112
32723104
26699800
26699792
26699784
26699776
26699832
26699824
26699816
26699808
32988413
32988405
32988397
32988389
32988376
32988368
32988360
32988352
48191845
48191853
48191861
48191869
48191808
48191816
48191824
48191832
32868669
32868661
32868653
32868645
32868632
32868624
32868616
32868608
33976749
33976741
33976765
33976757
34238880
34238888
34238896
34238904
33976712
33976704
33976728
33976720
34171589
34171597
34171605
34171613
34171552
34171560
34171568
34171576
26682456
26682448
26682440
26682432
26682488
26682480
26682472
26682464
26682552
26682544
26682536
26682528
26682584
26682576
26682568
26682560
26682616
26682608
26682600
26682592
26682648
26682640
26682632
26682624
26682680
26682672
26682664
26682656
26682776
26682768
26682760
26682752
26682808
26682800
26682792
26682784
26682744
26682736
26682728
26682720
26682840
26682832
26682824
26682816
26683032
26683024
26683016
26683008
26683064
26683056
26683048
26683040
26683288
26683280
26683272
26683264
26683320
26683312
26683304
26683296
26683640
26683632
26683624
26683616
26683672
26683664
26683656
26683648
26683704
26683696
26683688
26683680
21040984
21040976
21040968
21040960
21041017
21041008
21041000
21040992
104014136
104014128
104014120
104014112
104014168
104014160
104014152
104014144
30140187
30140176
30140168
30140160
30140216
30140208
30140200
30140192
29550368
29550376
29550384
29550392
30140248
30140240
30140232
30140224
30140280
30140272
30140264
30140256
20812165
20812173
20812181
20812189
20812197
20812205
20812213
20812221
30140984
30140976
30140968
30140960
30141016
30141008
30141000
30140992
30141048
30141040
30141032
30141024
27912800
27912808
27912816
27912824
30141080
30141072
30141064
30141056
29485728
29485736
29485744
29485752
30141112
30141104
30141096
30141088
103661464
103661456
103661448
103661440
103661496
103661488
103661480
103661472
60866464
60866472
60866480
60866488
103661528
103661520
103661512
103661504
103661560
103661552
103661544
103661536
27648024
27648016
27648008
27648000
27648056
27648048
27648040
27648032
27648184
27648176
27648168
27648160
27648216
27648208
27648200
27648192
27648248
27648240
27648232
27648224
30141752
30141744
30141736
30141728
30141784
30141776
30141768
30141760
30141816
30141808
30141800
30141792
30139192
30139184
30139176
30139168
30141880
30141872
30141864
30141856
30141912
30141904
30141896
30141888
30141944
30141936
30141928
30141920
33484224
33484232
33484240
33484248
33484256
33484264
33484272
33484280
30142008
30142000
30141992
30141984
61009408
61009416
61009424
61009432
30142040
30142032
30142024
30142016
30142072
30142064
30142056
30142048
30142136
30142128
30142120
30142112
21041048
21041040
21041032
21041024
30233816
30233808
30233800
30233792
30233848
30233840
30233832
30233824
30234232
30234224
30234216
30234208
30234296
30234288
30234280
30234272
30234328
30234320
30234312
30234304
30234361
30234352
30234344
30234336
30234456
30234448
30234440
30234432
30234488
30234480
30234472
30234464
27654232
27654224
27654216
27654208
27654264
27654256
27654248
27654240
31625820
31625812
31625804
31625796
31625828
31625836
31625844
31625852
120037820
120037812
120037804
120037796
27701336
27701328
27701320
27701312
27701368
27701360
27701352
27701344
25332052
25332060
25332036
25332044
26683896
26683888
26683880
26683872
25332068
25332076
25332084
25332092
26553496
26553488
26553480
26553472
26553528
26553520
26553512
26553504
102112212
102112220
102112196
102112204
102112228
102112236
102112244
102112252
26553560
26553552
26553544
26553536
26553592
26553584
26553576
26553568
26683736
26683728
26683720
26683712
26683768
26683760
26683752
26683744
25331908
25331916
25331924
25331932
26683800
26683792
26683784
26683776
26683832
26683824
26683816
26683808
26683928
26683920
26683912
26683904
26683960
26683952
26683944
26683936
27741720
27741712
27741704
27741696
60968480
60968488
60968496
60968504
27741752
27741744
27741736
27741728
17385852
17385844
17385836
17385828
17385796
17385804
17385812
17385820
27742072
27742064
27742056
27742048
33509216
33509224
33509232
33509240
27742104
27742096
27742088
27742080
27742136
27742128
27742120
27742112
27741400
27741392
27741384
27741376
27741432
27741424
27741416
27741408
26685464
26685456
26685448
26685440
26685496
26685488
26685480
26685472
26685528
26685520
26685512
26685504
27741464
27741456
27741448
27741440
27741496
27741488
27741480
27741472
26683992
26683984
26683976
26683968
26684024
26684016
26684008
26684000
27741784
27741776
27741768
27741760
27741816
27741808
27741800
27741792
27742200
27742192
27742184
27742176
32788416
32788424
32788432
32788440
30138392
30138384
30138376
30138368
30138424
30138416
30138408
30138400
30138456
30138448
30138440
30138432
30138488
30138480
30138472
30138464
25859668
25859676
25859652
25859660
26559132
26559124
26559116
26559108
26559456
26559464
26559472
26559480
26658904
26658896
26658888
26658880
30138680
30138672
30138664
30138656
30138520
30138512
30138504
30138496
30138552
30138544
30138536
30138528
33480832
33480840
33480848
33480856
33480864
33480872
33480880
33480888
26684056
26684048
26684040
26684032
26684088
26684080
26684072
26684064
27701432
27701424
27701416
27701408
27701464
27701456
27701448
27701440
27701496
27701488
27701480
27701472
17379768
17379760
17379752
17379744
17379800
17379792
17379784
17379776
17379832
17379824
17379816
17379808
27701528
27701520
27701512
27701504
27701560
27701552
27701544
27701536
17379608
17379600
17379592
17379584
17379640
17379632
17379624
17379616
17379672
17379664
17379656
17379648
17379704
17379696
17379688
17379680
17379736
17379728
17379720
17379712
24209304
24209296
24209288
24209280
24209336
24209328
24209320
24209312
17524224
17524232
17524240
17524248
123438552
123438544
123438536
123438528
123437848
123437840
123437832
123437824
123437880
123437872
123437864
123437856
23823104
23823112
23823120
23823128
26121464
26121456
26121448
26121440
24852680
24852672
24852696
24852688
27643960
27643952
27643944
27643936
27643992
27643984
27643976
27643968
27644024
27644016
27644008
27644000
24853304
24853296
24853288
24853280
92945152
92945160
92945168
92945176
92945184
92945192
92945200
92945208
103661208
103661200
103661192
103661184
25542272
25542280
25542288
25542296
103661240
103661232
103661224
103661216
24728180
24728188
24728164
24728172
34213796
34213804
34213812
34213820
34240552
34240544
34240568
34240560
34240624
34240632
34240608
34240616
123601472
123601480
123601488
123601496
25166432
25166440
25166448
25166456
22332722
22332730
22332706
22332714
34240992
34241000
34241008
34241016
32987584
32987592
32987600
32987608
34240605
34240597
34240589
34240581
22332396
22332388
22332412
22332404
34240980
34240988
34240964
34240972
23543512
23543504
23543496
23543488
23543544
23543536
23543528
23543520
26849912
26849904
26849896
26849888
34240656
34240664
34240640
34240648
26850136
26850128
26850120
26850112
34240672
34240680
34240688
34240696
26850168
26850160
26850152
26850144
26850200
26850192
26850184
26850176
26850232
26850224
26850216
26850208
23543576
23543568
23543560
23543552
23543608
23543600
23543592
23543584
23543640
23543632
23543624
23543616
23543672
23543664
23543656
23543648
34101480
34101472
34101496
34101488
34240932
34240940
34240948
34240956
27667128
27667120
27667112
27667104
23865984
23865992
23866000
23866008
33675512
33675504
33675496
33675488
28837208
28837200
28837192
28837184
28837216
28837224
28837232
28837240
26707160
26707152
26707144
26707136
26707192
26707184
26707176
26707168
26694680
26694672
26694664
26694656
26694712
26694704
26694696
26694688
17389004
17388996
17389020
17389012
17389028
17389036
17389044
17389052
34063820
34063812
34063836
34063828
34063844
34063852
34063860
34063868
26694744
26694736
26694728
26694720
26694776
26694768
26694760
26694752
102118128
102118136
102118112
102118120
24392384
24392392
24392400
24392408
34240893
34240885
34240877
34240869
34240856
34240848
34240840
34240832
26695064
26695056
26695048
26695040
26695096
26695088
26695080
26695072
34063916
34063908
34063932
34063924
26695128
26695120
26695112
26695104
26695160
26695152
26695144
26695136
102118056
102118048
102118072
102118064
26860184
26860176
26860168
26860160
26860216
26860208
26860200
26860192
26695483
26695472
26695464
26695456
34064064
34064072
34064080
34064088
26695512
26695504
26695496
26695488
34064096
34064104
34064112
34064120
26695544
26695536
26695528
26695520
26695576
26695568
26695560
26695552
26695608
26695600
26695592
26695584
26695640
26695632
26695624
26695616
26695672
26695664
26695656
26695648
57168280
57168272
57168264
57168256
57168312
57168304
57168296
57168288
121065856
121065864
121065872
121065880
121065888
121065896
121065904
121065912
57168376
57168368
57168360
57168352
57168408
57168400
57168392
57168384
57168440
57168432
57168424
57168416
34064060
34064052
34064044
34064036
34064004
34064012
34064020
34064028
26695704
26695696
26695688
26695680
33445888
33445896
33445904
33445912
26695736
26695728
26695720
26695712
26695768
26695760
26695752
26695744
26695800
26695792
26695784
26695776
30955616
30955624
30955632
30955640
26695835
26695824
26695816
26695808
26695864
26695856
26695848
26695840
26710352
26710360
26710336
26710344
26710368
26710376
26710384
26710392
26691544
26691536
26691528
26691520
26691576
26691568
26691560
26691552
33507296
33507304
33507312
33507320
26691608
26691600
26691592
26691584
26691640
26691632
26691624
26691616
26695896
26695888
26695880
26695872
26695928
26695920
26695912
26695904
23951320
23951312
23951304
23951296
23951352
23951344
23951336
23951328
24950072
24950064
24950056
24950048
26695960
26695952
26695944
26695936
26695992
26695984
26695976
26695968
33828724
33828732
33828708
33828716
33887744
33887752
33887760
33887768
33887776
33887784
33887792
33887800
33887816
33887808
33887832
33887824
33887840
33887848
33887856
33887864
33888204
33888196
33888220
33888212
33888228
33888236
33888244
33888252
27465696
27465704
27465712
27465720
123601024
123601032
123601040
123601048
25936524
25936516
25936540
25936532
25936548
25936556
25936564
25936572
33888172
33888164
33888188
33888180
33167264
33167272
33167280
33167288
26849880
26849872
26849864
26849856
25936651
25936643
25936667
25936659
25936675
25936683
25936691
25936699
26850584
26850576
26850568
26850560
26850616
26850608
26850600
26850592
33887880
33887872
33887896
33887888
33887904
33887912
33887920
33887928
32118432
32118440
32118448
32118456
33827736
33827728
33827720
33827712
33827744
33827752
33827760
33827768
27567824
27567832
27567808
27567816
27567840
27567848
27567856
27567864
33827384
33827376
33827368
33827360
33888124
33888116
33888108
33888100
27667096
27667088
27667080
27667072
33827928
33827920
33827912
33827904
33827936
33827944
33827952
33827960
25936724
25936732
25936708
25936716
25936740
25936748
25936756
25936764
29245396
29245404
29245380
29245388
29245412
29245420
29245428
29245436
33892452
33892460
33892468
33892476
33888085
33888093
33888069
33888077
33888048
33888056
33888032
33888040
33101568
33101576
33101584
33101592
33892500
33892508
33892484
33892492
33892516
33892524
33892532
33892540
33892548
33892556
33892564
33892572
33892580
33892588
33892596
33892604
33892696
33892688
33892680
33892672
33892704
33892712
33892720
33892728
26691928
26691920
26691912
26691904
26691960
26691952
26691944
26691936
27548636
27548628
27548620
27548612
27548644
27548652
27548660
27548668
33890928
33890936
33890912
33890920
33891000
33890992
33890984
33890976
33891388
33891380
33891372
33891364
33891400
33891392
33891416
33891408
33891424
33891432
33891440
33891448
22333884
22333876
22333868
22333860
33891356
33891348
33891340
33891332
26849944
26849936
26849928
26849920
26849976
26849968
26849960
26849952
33891032
33891024
33891016
33891008
33891040
33891048
33891056
33891064
33890960
33890968
33890944
33890952
22333902
22333894
22333918
22333910
22333926
22333934
22333942
22333950
22334011
22334003
22333995
22333987
27567280
27567288
27567264
27567272
34415824
34415832
34415808
34415816
34415840
34415848
34415856
34415864
123682904
123682896
123682888
123682880
123682936
123682928
123682920
123682912
33891308
33891300
33891324
33891316
24388544
24388552
24388560
24388568
33664800
33664808
33664816
33664824
22334084
22334092
22334100
22334108
22334116
22334124
22334132
22334140
28836056
28836048
28836040
28836032
27918528
27918536
27918544
27918552
27918560
27918568
27918576
27918584
28836064
28836072
28836080
28836088
33883036
33883028
33883020
33883012
33883044
33883052
33883060
33883068
33891269
33891277
33891285
33891293
33891232
33891240
33891248
33891256
33883084
33883076
33883100
33883092
33883108
33883116
33883124
33883132
33883280
33883288
33883264
33883272
33883296
33883304
33883312
33883320
32965760
32965768
32965776
32965784
26710128
26710136
26710112
26710120
33848604
33848596
33848588
33848580
33848612
33848620
33848628
33848636
33552000
33552008
33552016
33552024
33552032
33552040
33552048
33552056
123601544
123601536
123601560
123601552
26642292
26642300
26642276
26642284
33720128
33720136
33720144
33720152
33552428
33552420
33552444
33552436
33683456
33683464
33683472
33683480
33552075
33552067
33552091
33552083
33552099
33552107
33552115
33552123
26642310
26642318
26642326
26642334
26642342
26642350
26642358
26642366
26642419
26642427
26642403
26642411
33552136
33552128
33552152
33552144
33552160
33552168
33552176
33552184
33848640
33848648
33848656
33848664
33848672
33848680
33848688
33848696
33552380
33552372
33552364
33552356
33849000
33848992
33849016
33849008
28888720
28888728
28888704
28888712
28888736
28888744
28888752
28888760
26767200
26767208
26767216
26767224
50275928
50275920
50275912
50275904
50275960
50275952
50275944
50275936
50275992
50275984
50275976
50275968
32777888
32777896
32777904
32777912
50276024
50276016
50276008
50276000
93053572
93053580
93053588
93053596
93053604
93053612
93053620
93053628
26904880
26904888
26904864
26904872
31295744
31295752
31295760
31295768
26767248
26767256
26767232
26767240
26767264
26767272
26767280
26767288
61108128
61108136
61108144
61108152
26642500
26642508
26642516
26642524
26642532
26642540
26642548
26642556
23967124
23967132
23967108
23967116
23967140
23967148
23967156
23967164
26642396
26642388
26642380
26642372
50276696
50276688
50276680
50276672
50276728
50276720
50276712
50276704
26904808
26904800
26904824
26904816
26857496
26857488
26857480
26857472
26857528
26857520
26857512
26857504
27896304
27896312
27896288
27896296
33547228
33547220
33547212
33547204
33547236
33547244
33547252
33547260
33547276
33547268
33547292
33547284
33547300
33547308
33547316
33547324
26694808
26694800
26694792
26694784
26694840
26694832
26694824
26694816
26695000
26694992
26694984
26694976
26695032
26695024
26695016
26695008
99666332
99666324
99666316
99666308
99666340
99666348
99666356
99666364
21044056
21044048
21044040
21044032
21044088
21044080
21044072
21044064
33547528
33547520
33547544
33547536
33023232
33023240
33023248
33023256
33023264
33023272
33023280
33023288
33547552
33547560
33547568
33547576
21044120
21044112
21044104
21044096
21044152
21044144
21044136
21044128
26694872
26694864
26694856
26694848
26694904
26694896
26694888
26694880
102175416
102175408
102175400
102175392
33547472
33547480
33547456
33547464
33547488
33547496
33547504
33547512
99666504
99666496
99666520
99666512
99666528
99666536
99666544
99666552
27834968
27834960
27834952
27834944
27835000
27834992
27834984
27834976
27492612
27492620
27492628
27492636
27492644
27492652
27492660
27492668
33685920
33685928
33685936
33685944
33685992
33685984
33686008
33686000
33686380
33686372
33686396
33686388
25495780
25495788
25495796
25495804
33686348
33686340
33686364
33686356
33686024
33686016
33686040
33686032
33686048
33686056
33686064
33686072
33685952
33685960
33685968
33685976
25495907
25495915
25495923
25495931
27394032
27394040
27394016
27394024
33100576
33100584
33100592
33100600
29022768
29022776
29022752
29022760
33686300
33686292
33686284
33686276
33686308
33686316
33686324
33686332
33168088
33168080
33168072
33168064
33168096
33168104
33168112
33168120
25495980
25495972
25495996
25495988
28906104
28906096
28906088
28906080
33688004
33688012
33688020
33688028
33688036
33688044
33688052
33688060
33686261
33686269
33686245
33686253
33686224
33686232
33686208
33686216
33688100
33688108
33688116
33688124
33688248
33688240
33688232
33688224
29166208
29166216
29166224
29166232
33688260
33688268
33688276
33688284
26610368
26610376
26610384
26610392
33688292
33688300
33688308
33688316
27689400
27689392
27689384
27689376
26710168
26710160
26710152
26710144
26710176
26710184
26710192
26710200
21043704
21043696
21043688
21043680
21043736
21043728
21043720
21043712
21043768
21043760
21043752
21043744
21043866
21043856
21043848
21043840
21043896
21043888
21043880
21043872
21043928
21043920
21043912
21043904
21043960
21043952
21043944
21043936
102109556
102109564
102109540
102109548
101672504
101672496
101672488
101672480
101672536
101672528
101672520
101672512
101672568
101672560
101672552
101672544
32859712
32859720
32859728
32859736
101672600
101672592
101672584
101672576
101672632
101672624
101672616
101672608
47759688
47759680
47759704
47759696
47759712
47759720
47759728
47759736
47759664
47759672
47759648
47759656
101672664
101672656
101672648
101672640
101672696
101672688
101672680
101672672
99668520
99668512
99668536
99668528
99668480
99668488
99668496
99668504
101672856
101672848
101672840
101672832
101672888
101672880
101672872
101672864
32507208
32507200
32507224
32507216
32507232
32507240
32507248
32507256
101672920
101672912
101672904
101672896
101672952
101672944
101672936
101672928
17526360
17526352
17526344
17526336
31682144
31682152
31682160
31682168
101672728
101672720
101672712
101672704
101672760
101672752
101672744
101672736
20396902
20396910
20396918
20396926
20396934
20396942
20396950
20396958
20396966
20396974
20396982
20396990
101672792
101672784
101672776
101672768
101672824
101672816
101672808
101672800
41049840
41049848
41049824
41049832
99668548
99668556
99668564
99668572
99668580
99668588
99668596
99668604
32509816
32509808
32509800
32509792
32509760
32509768
32509776
32509784
20396998
20397006
20397014
20397022
20397030
20397038
20397046
20397054
92945344
92945352
92945360
92945368
92945376
92945384
92945392
92945400
20396638
20396630
20396622
20396614
20396646
20396654
20396662
20396670
26294848
26294856
26294864
26294872
26294880
26294888
26294896
26294904
20396678
20396686
20396694
20396702
20396710
20396718
20396726
20396734
92945024
92945032
92945040
92945048
92945056
92945064
92945072
92945080
41049872
41049880
41049856
41049864
41049888
41049896
41049904
41049912
32509824
32509832
32509840
32509848
32509856
32509864
32509872
32509880
20396742
20396750
20396758
20396766
20396774
20396782
20396790
20396798
32507416
32507408
32507400
32507392
32507424
32507432
32507440
32507448
32507264
32507272
32507280
32507288
32507296
32507304
32507312
32507320
25167232
25167240
25167248
25167256
33361280
33361288
33361296
33361304
33361312
33361320
33361328
33361336
32507488
32507496
32507504
32507512
32507344
32507352
32507328
32507336
32507360
32507368
32507376
32507384
21043992
21043984
21043976
21043968
21044024
21044016
21044008
21044000
32119584
32119592
32119600
32119608
27689432
27689424
27689416
27689408
32866752
32866760
32866768
32866776
32866784
32866792
32866800
32866808
27689464
27689456
27689448
27689440
27689528
27689520
27689512
27689504
27689560
27689552
27689544
27689536
27689592
27689584
27689576
27689568
27615708
27615700
27615692
27615684
27615716
27615724
27615732
27615740
33478112
33478120
33478128
33478136
33478500
33478508
33478516
33478524
25532076
25532068
25532092
25532084
33478468
33478476
33478484
33478492
33478144
33478152
33478160
33478168
26850040
26850032
26850024
26850016
33478176
33478184
33478192
33478200
25532203
25532195
25532219
25532211
33478088
33478080
33478104
33478096
27522520
27522512
27522504
27522496
27522528
27522536
27522544
27522552
32268456
32268448
32268472
32268464
32268490
32268482
32268506
32268498
32268514
32268522
32268530
32268538
4918262
4918270
4918246
4918254
4918280
4918272
4918296
4918288
4918304
4918312
4918320
4918328
18943008
18943016
18943024
18943032
33478420
33478428
33478404
33478412
33478436
33478444
33478452
33478460
27596608
27596616
27596624
27596632
27596640
27596648
27596656
27596664
25532276
25532284
25532260
25532268
33487908
33487916
33487924
33487932
33478381
33478373
33478397
33478389
26662592
26662600
26662608
26662616
26662624
26662632
26662640
26662648
33478344
33478336
33478360
33478352
33487956
33487964
33487940
33487948
33487972
33487980
33487988
33487996
28900448
28900456
28900464
28900472
33488004
33488012
33488020
33488028
33488036
33488044
33488052
33488060
33488152
33488144
33488136
33488128
33488160
33488168
33488176
33488184
33684768
33684776
33684784
33684792
59381776
59381784
59381760
59381768
59381792
59381800
59381808
59381816
59382204
59382196
59382188
59382180
59381851
59381843
59381835
59381827
59381859
59381867
59381875
59381883
59381912
59381904
59381896
59381888
59381920
59381928
59381936
59381944
29366400
29366408
29366416
29366424
29366432
29366440
29366448
29366456
33268080
33268088
33268064
33268072
29073728
29073736
29073744
29073752
27523048
27523040
27523064
27523056
28899296
28899304
28899312
28899320
33269816
33269808
33269800
33269792
33269850
33269842
33269834
33269826
33269858
33269866
33269874
33269882
59382156
59382148
59382172
59382164
26642492
26642484
26642476
26642468
30443592
30443584
30443608
30443600
30443616
30443624
30443632
30443640
29311120
29311128
29311104
29311112
29311136
29311144
29311152
29311160
29227856
29227864
29227840
29227848
29227872
29227880
29227888
29227896
29227784
29227776
29227800
29227792
29227808
29227816
29227824
29227832
20883484
20883476
20883468
20883460
20883492
20883500
20883508
20883516
28908436
28908444
28908420
28908428
29367168
29367176
29367184
29367192
29367200
29367208
29367216
29367224
28908452
28908460
28908468
28908476
29373604
29373612
29373620
29373628
29373652
29373660
29373636
29373644
29373668
29373676
29373684
29373692
29373904
29373912
29373888
29373896
29373920
29373928
29373936
29373944
29373700
29373708
29373716
29373724
29373732
29373740
29373748
29373756
29373848
29373840
29373832
29373824
29373856
29373864
29373872
29373880
29013252
29013260
29013268
29013276
29013284
29013292
29013300
29013308
31008144
31008152
31008128
31008136
31008160
31008168
31008176
31008184
26643732
26643740
26643716
26643724
26643748
26643756
26643764
26643772
31008572
31008564
31008556
31008548
30222080
30222088
30222096
30222104
31008219
31008211
31008203
31008195
31008227
31008235
31008243
31008251
26643859
26643867
26643843
26643851
26643875
26643883
26643891
26643899
31008280
31008272
31008264
31008256
31008288
31008296
31008304
31008312
27535936
27535944
27535952
27535960
27535968
27535976
27535984
27535992
32975456
32975464
32975472
32975480
33103440
33103448
33103424
33103432
33103456
33103464
33103472
33103480
32004064
32004072
32004080
32004088
32004098
32004106
32004114
32004122
32004130
32004138
32004146
32004154
21476638
21476630
21476622
21476614
21476646
21476654
21476662
21476670
31008524
31008516
31008540
31008532
33100768
33100776
33100784
33100792
61215680
61215688
61215696
61215704
33100760
33100752
33100744
33100736
27548816
27548824
27548800
27548808
27548832
27548840
27548848
27548856
26208424
26208416
26208440
26208432
26208448
26208456
26208464
26208472
26208480
26208488
26208496
26208504
120039944
120039936
120039960
120039952
103695128
103695120
103695112
103695104
103695160
103695152
103695144
103695136
103695448
103695440
103695432
103695424
103695480
103695472
103695464
103695456
26643940
26643948
26643956
26643964
23969468
23969460
23969452
23969444
33472128
33472136
33472144
33472152
31007836
31007828
31007820
31007812
31007844
31007852
31007860
31007868
31007884
31007876
31007900
31007892
31007908
31007916
31007924
31007932
32973984
32973992
32974000
32974008
31008080
31008088
31008064
31008072
31008096
31008104
31008112
31008120
29486920
29486912
29486936
29486928
29486944
29486952
29486960
29486968
26643012
26643020
26643028
26643036
26643044
26643052
26643060
26643068
29454580
29454588
29454564
29454572
29486995
29487003
29486979
29486987
29487011
29487019
29487027
29487035
26643139
26643147
26643155
26643163
26643171
26643179
26643187
26643195
29487056
29487064
29487040
29487048
29487072
29487080
29487088
29487096
33071168
33071176
33071184
33071192
33071200
33071208
33071216
33071224
33100640
33100648
33100656
33100664
33887040
33887048
33887056
33887064
33101066
33101058
33101082
33101074
33101090
33101098
33101106
33101114
29454532
29454540
29454548
29454556
33100008
33100000
33100024
33100016
26819456
26819464
26819472
26819480
26819488
26819496
26819504
26819512
33818664
33818656
33818680
33818672
33818688
33818696
33818704
33818712
33818720
33818728
33818736
33818744
31803480
31803472
31803464
31803456
17385568
17385576
17385584
17385592
31803512
31803504
31803496
31803488
120039052
120039044
120039068
120039060
31803544
31803536
31803528
31803520
29509760
29509768
29509776
29509784
29509792
29509800
29509808
29509816
31803576
31803568
31803560
31803552
32785424
32785432
32785408
32785416
32785440
32785448
32785456
32785464
31803608
31803600
31803592
31803584
31803640
31803632
31803624
31803616
31804792
31804784
31804776
31804768
27596320
27596328
27596336
27596344
27483936
27483944
27483952
27483960
26172480
26172488
26172496
26172504
26172512
26172520
26172528
26172536
21724015
21724007
21724031
21724023
21723544
21723536
21723528
21723520
21723576
21723568
21723560
21723552
27724696
27724688
27724680
27724672
27724728
27724720
27724712
27724704
25168768
25168776
25168784
25168792
25168800
25168808
25168816
25168824
29454436
29454444
29454452
29454460
29454468
29454476
29454484
29454492
29454500
29454508
29454516
29454524
27656056
27656048
27656040
27656032
29454352
29454360
29454336
29454344
27656088
27656080
27656072
27656064
29454368
29454376
29454384
29454392
27656120
27656112
27656104
27656096
32973008
32973016
32972992
32973000
32973024
32973032
32973040
32973048
20981912
20981904
20981896
20981888
20981944
20981936
20981928
20981920
93009656
93009648
93009640
93009632
93009688
93009680
93009672
93009664
93009720
93009712
93009704
93009696
93009752
93009744
93009736
93009728
93009784
93009776
93009768
93009760
93009816
93009808
93009800
93009792
93009848
93009840
93009832
93009824
20982104
20982096
20982088
20982080
20982136
20982128
20982120
20982112
20982232
20982224
20982216
20982208
20982264
20982256
20982248
20982240
27722904
27722896
27722888
27722880
27722936
27722928
27722920
27722912
27723032
27723024
27723016
27723008
27723064
27723056
27723048
27723040
20982296
20982288
20982280
20982272
20982328
20982320
20982312
20982304
20982360
20982352
20982344
20982336
20982392
20982384
20982376
20982368
26643094
26643102
26643078
26643086
26643110
26643118
26643126
26643134
102101976
102101968
102101960
102101952
102102008
102102000
102101992
102101984
30239512
30239504
30239496
30239488
30239544
30239536
30239528
30239520
30239448
30239440
30239432
30239424
57327949
57327941
57327965
57327957
57327973
57327981
57327989
57327997
30239480
30239472
30239464
30239456
60734680
60734672
60734664
60734656
60734712
60734704
60734696
60734688
60734744
60734736
60734728
60734720
60734776
60734768
60734760
60734752
61188273
61188281
61188257
61188265
102299844
102299852
102299860
102299868
61155153
61155161
61155137
61155145
61155169
61155177
61155185
61155193
26860696
26860688
26860680
26860672
26860728
26860720
26860712
26860704
30239672
30239664
30239656
30239648
61188473
61188465
61188457
61188449
26860248
26860240
26860232
26860224
26860280
26860272
26860264
26860256
26860312
26860304
26860296
26860288
26860344
26860336
26860328
26860320
60734616
60734608
60734600
60734592
60734648
60734640
60734632
60734624
20983672
20983664
20983656
20983648
20983704
20983696
20983688
20983680
20983736
20983728
20983720
20983712
101602392
101602384
101602376
101602368
101602424
101602416
101602408
101602400
27723480
27723472
27723464
27723456
27723512
27723504
27723496
27723488
25167584
25167592
25167600
25167608
26852728
26852720
26852712
26852704
26852760
26852752
26852744
26852736
26852792
26852784
26852776
26852768
60865952
60865960
60865968
60865976
26852824
26852816
26852808
26852800
26852856
26852848
26852840
26852832
26837144
26837136
26837128
26837120
26837176
26837168
26837160
26837152
26837208
26837200
26837192
26837184
26837240
26837232
26837224
26837216
26837272
26837264
26837256
26837248
26837304
26837296
26837288
26837280
20983768
20983760
20983752
20983744
20983800
20983792
20983784
20983776
20987928
20987920
20987912
20987904
20987960
20987952
20987944
20987936
20987992
20987984
20987976
20987968
20988024
20988016
20988008
20988000
21723736
21723728
21723720
21723712
21723768
21723760
21723752
21723744
31804824
31804816
31804808
31804800
31804856
31804848
31804840
31804832
31803704
31803696
31803688
31803680
31803736
31803728
31803720
31803712
31803768
31803760
31803752
31803744
28836608
28836616
28836624
28836632
28836640
28836648
28836656
28836664
29486612
29486620
29486596
29486604
29486628
29486636
29486644
29486652
29486660
29486668
29486676
29486684
29486692
29486700
29486708
29486716
29486856
29486848
29486872
29486864
29486880
29486888
29486896
29486904
29016660
29016668
29016644
29016652
29016676
29016684
29016692
29016700
32972224
32972232
32972240
32972248
32972256
32972264
32972272
32972280
32972652
32972644
32972668
32972660
32972299
32972291
32972315
32972307
32972323
32972331
32972339
32972347
32972360
32972352
32972376
32972368
32972384
32972392
32972400
32972408
27086512
27086520
27086496
27086504
27619632
27619640
27619616
27619624
33072784
33072792
33072768
33072776
33072800
33072808
33072816
33072824
32972604
32972596
32972588
32972580
29022960
29022968
29022944
29022952
27288384
27288392
27288400
27288408
27288416
27288424
27288432
27288440
120037724
120037716
120037708
120037700
120037732
120037740
120037748
120037756
26976576
26976584
26976592
26976600
28925732
28925740
28925748
28925756
26435328
26435336
26435344
26435352
29553216
29553224
29553232
29553240
31803992
31803984
31803976
31803968
31804024
31804016
31804008
31804000
31804056
31804048
31804040
31804032
31804088
31804080
31804072
31804064
25919432
25919424
25919448
25919440
26643220
26643228
26643204
26643212
26643236
26643244
26643252
26643260
23968772
23968780
23968788
23968796
23968804
23968812
23968820
23968828
23968766
23968758
23968750
23968742
28925720
28925712
28925704
28925696
31804312
31804304
31804296
31804288
31804344
31804336
31804328
31804320
28882880
28882888
28882896
28882904
28882912
28882920
28882928
28882936
32971916
32971908
32971932
32971924
32971940
32971948
32971956
32971964
32972216
32972208
32972200
32972192
32972012
32972004
32972028
32972020
29367488
29367496
29367504
29367512
29367520
29367528
29367536
29367544
32972160
32972168
32972176
32972184
32972156
32972148
32972140
32972132
32972100
32972108
32972116
32972124
1117592
1117584
1117576
1117568
1117624
1117616
1117608
1117600
73125968
73125976
73125952
73125960
73125984
73125992
73126000
73126008
6916796
6916788
6916780
6916772
6967220
6967228
6967204
6967212
6967180
6967172
6967196
6967188
1115288
1115280
1115272
1115264
1115320
1115312
1115304
1115296
27288948
27288956
27288932
27288940
32981088
32981096
32981104
32981112
123601612
123601604
123601628
123601620
27850324
27850332
27850308
27850316
27850340
27850348
27850356
27850364
32981516
32981508
32981532
32981524
32981540
32981548
32981556
32981564
32981163
32981155
32981179
32981171
32981192
32981184
32981208
32981200
32981216
32981224
32981232
32981240
32981120
32981128
32981136
32981144
27850451
27850459
27850435
27850443
27850467
27850475
27850483
27850491
32976256
32976264
32976272
32976280
32976288
32976296
32976304
32976312
32976208
32976216
32976192
32976200
32976224
32976232
32976240
32976248
32205992
32205984
32206008
32206000
61107360
61107368
61107376
61107384
32206026
32206018
32206042
32206034
32206050
32206058
32206066
32206074
21479006
21478998
21478990
21478982
21479014
21479022
21479030
21479038
32981468
32981460
32981452
32981444
32981476
32981484
32981492
32981500
27598728
27598720
27598744
27598736
27598752
27598760
27598768
27598776
29314840
29314832
29314824
29314816
29314848
29314856
29314864
29314872
120037424
120037432
120037408
120037416
29314888
29314880
29314904
29314896
29314912
29314920
29314928
29314936
101994304
101994312
101994320
101994328
27850532
27850540
27850548
27850556
24279540
24279548
24279524
24279532
27850428
27850420
27850412
27850404
17369532
17369524
17369516
17369508
41047676
41047668
41047660
41047652
28988992
28989000
28989008
28989016
28989024
28989032
28989040
28989048
29244920
29244912
29244904
29244896
32983916
32983908
32983932
32983924
29444928
29444936
29444944
29444952
32983964
32983956
32983948
32983940
32983972
32983980
32983988
32983996
32984216
32984208
32984200
32984192
32984224
32984232
32984240
32984248
32984012
32984004
32984028
32984020
32984036
32984044
32984052
32984060
32984160
32984168
32984176
32984184
32984156
32984148
32984140
32984132
29008764
29008756
29008748
29008740
32903608
32903600
32903592
32903584
32903680
32903688
32903696
32903704
32903712
32903720
32903728
32903736
32904068
32904076
32904084
32904092
32904100
32904108
32904116
32904124
32903616
32903624
32903632
32903640
32903648
32903656
32903664
32903672
32904036
32904044
32904052
32904060
32903744
32903752
32903760
32903768
32903776
32903784
32903792
32903800
21238336
21238344
21238352
21238360
32120552
32120544
32120568
32120560
32120536
32120528
32120520
32120512
31540040
31540032
31540056
31540048
31540064
31540072
31540080
31540088
32903988
32903996
32903972
32903980
32271576
32271568
32271560
32271552
32271584
32271592
32271600
32271608
28882808
28882800
28882792
28882784
33666912
33666920
33666928
33666936
32896588
32896580
32896604
32896596
29095520
29095528
29095536
29095544
32896612
32896620
32896628
32896636
32903949
32903941
32903965
32903957
32903912
32903904
32903928
32903920
32896684
32896676
32896700
32896692
33486464
33486472
33486480
33486488
32896832
32896840
32896848
32896856
32896864
32896872
32896880
32896888
32896828
32896820
32896812
32896804
32896772
32896780
32896788
32896796
29021164
29021156
29021180
29021172
32785352
32785344
32785368
32785360
32785376
32785384
32785392
32785400
32785812
32785820
32785796
32785804
32785828
32785836
32785844
32785852
29312384
29312392
29312400
29312408
25532844
25532836
25532860
25532852
32785780
32785788
32785764
32785772
32982336
32982344
32982352
32982360
32982368
32982376
32982384
32982392
25532971
25532963
25532987
25532979
32785488
32785496
32785472
32785480
32785504
32785512
32785520
32785528
120712032
120712040
120712048
120712056
21165224
21165216
21165240
21165232
32785732
32785740
32785748
32785756
29020864
29020872
29020880
29020888
25533044
25533052
25533028
25533036
28838344
28838336
28838360
28838352
28838368
28838376
28838384
28838392
32777164
32777156
32777180
32777172
32777188
32777196
32777204
32777212
32785693
32785685
32785677
32785669
32785701
32785709
32785717
32785725
32785656
32785648
32785640
32785632
32777260
32777252
32777276
32777268
32777408
32777416
32777424
32777432
32777440
32777448
32777456
32777464
32777404
32777396
32777388
32777380
32777348
32777356
32777364
32777372
27859644
27859636
27859628
27859620
29366912
29366920
29366928
29366936
29366944
29366952
29366960
29366968
29555784
29555776
29555800
29555792
96140920
96140912
96140904
96140896
96140928
96140936
96140944
96140952
96140960
96140968
96140976
96140984
33685152
33685160
33685168
33685176
94318628
94318636
94318644
94318652
96140995
96141003
96141011
96141019
96141027
96141035
96141043
96141051
96141056
96141064
96141072
96141080
96141088
96141096
96141104
96141112
27424472
27424464
27424456
27424448
27424480
27424488
27424496
27424504
29364608
29364616
29364624
29364632
29364640
29364648
29364656
29364664
96141300
96141308
96141284
96141292
27086488
27086480
27086472
27086464
33827008
33827016
33827024
33827032
33827040
33827048
33827056
33827064
25915904
25915912
25915920
25915928
25915936
25915944
25915952
25915960
33102792
33102784
33102808
33102800
29367232
29367240
29367248
29367256
29367264
29367272
29367280
29367288
33102816
33102824
33102832
33102840
29314048
29314056
29314064
29314072
96141204
96141212
96141188
96141196
96141220
96141228
96141236
96141244
27328416
27328424
27328432
27328440
96141120
96141128
96141136
96141144
96141152
96141160
96141168
96141176
33647456
33647464
33647472
33647480
32882100
32882108
32882084
32882092
50848509
50848501
50848493
50848485
57237629
57237621
57237613
57237605
61007685
61007693
61007701
61007709
61007717
61007725
61007733
61007741
61105637
61105645
61105653
61105661
29713888
29713896
29713904
29713912
30239640
30239632
30239624
30239616
61007885
61007877
61007901
61007893
61007909
61007917
61007925
61007933
96141248
96141256
96141264
96141272
101527084
101527076
101527100
101527092
29041476
29041484
29041492
29041500
29041508
29041516
29041524
29041532
121069500
121069492
121069484
121069476
121069548
121069540
121069564
121069556
96137244
96137236
96137228
96137220
96137252
96137260
96137268
96137276
96137392
96137400
96137376
96137384
96137416
96137408
96137432
96137424
96137440
96137448
96137456
96137464
121069524
121069532
121069508
121069516
27096212
27096220
27096196
27096204
32666752
32666760
32666768
32666776
27096228
27096236
27096244
27096252
32720440
32720432
32720424
32720416
32720448
32720456
32720464
32720472
32720480
32720488
32720496
32720504
32720868
32720876
32720884
32720892
29444064
29444072
29444080
29444088
32720515
32720523
32720531
32720539
32720547
32720555
32720563
32720571
32720576
32720584
32720592
32720600
32720608
32720616
32720624
32720632
33310432
33310440
33310448
33310456
29186160
29186168
29186144
29186152
29186176
29186184
29186192
29186200
29186208
29186216
29186224
29186232
33577088
33577096
33577104
33577112
29109696
29109704
29109712
29109720
29109728
29109736
29109744
29109752
32720820
32720828
32720804
32720812
26225656
26225648
26225640
26225632
26225680
26225688
26225664
26225672
26225696
26225704
26225712
26225720
120038416
120038424
120038400
120038408
120039572
120039580
120039556
120039564
120039588
120039596
120039604
120039612
26874400
26874408
26874416
26874424
21238272
21238280
21238288
21238296
50276824
50276816
50276808
50276800
50276856
50276848
50276840
50276832
50276888
50276880
50276872
50276864
50276920
50276912
50276904
50276896
27166456
27166448
27166440
27166432
27166464
27166472
27166480
27166488
27166496
27166504
27166512
27166520
26209248
26209256
26209264
26209272
26209280
26209288
26209296
26209304
26209312
26209320
26209328
26209336
21723608
21723600
21723592
21723584
21723640
21723632
21723624
21723616
33585600
33585608
33585616
33585624
32720724
32720732
32720708
32720716
32720740
32720748
32720756
32720764
32720640
32720648
32720656
32720664
32720672
32720680
32720688
32720696
32787560
32787552
32787576
32787568
123599877
123599885
123599893
123599901
123599909
123599917
123599925
123599933
21167944
21167936
21167960
21167952
21167968
21167976
21167984
21167992
61217269
61217277
61217253
61217261
51730581
51730589
51730565
51730573
51730597
51730605
51730613
51730621
61217469
61217461
61217453
61217445
51730781
51730773
51730765
51730757
51730789
51730797
51730805
51730813
61217472
61217480
61217488
61217496
61217504
61217512
61217520
61217528
29366976
29366984
29366992
29367000
29367008
29367016
29367024
29367032
26642456
26642448
26642440
26642432
32720768
32720776
32720784
32720792
28804976
28804984
28804960
28804968
32722628
32722636
32722644
32722652
32722660
32722668
32722676
32722684
29183680
29183688
29183696
29183704
32722928
32722936
32722912
32722920
32722724
32722732
32722740
32722748
32722872
32722864
32722856
32722848
32722884
32722892
32722900
32722908
27492588
27492580
27492604
27492596
24439616
24439624
24439632
24439640
24439648
24439656
24439664
24439672
24440044
24440036
24440060
24440052
24439691
24439683
24439707
24439699
24439715
24439723
24439731
24439739
24439752
24439744
24439768
24439760
24439776
24439784
24439792
24439800
29152152
29152144
29152136
29152128
29152160
29152168
29152176
29152184
29011320
29011312
29011304
29011296
32004992
32005000
32005008
32005016
32005024
32005032
32005040
32005048
24439996
24439988
24439980
24439972
29018736
29018744
29018720
29018728
33271800
33271792
33271784
33271776
26222648
26222640
26222632
26222624
26222672
26222680
26222656
26222664
26222688
26222696
26222704
26222712
27860552
27860544
27860568
27860560
27860576
27860584
27860592
27860600
29367872
29367880
29367888
29367896
27860480
27860488
27860496
27860504
27860512
27860520
27860528
27860536
29367808
29367816
29367824
29367832
29367840
29367848
29367856
29367864
28905508
28905516
28905524
28905532
24437780
24437788
24437764
24437772
24437796
24437804
24437812
24437820
24437828
24437836
24437844
24437852
24437860
24437868
24437876
24437884
24438080
24438088
24438096
24438104
24438112
24438120
24438128
24438136
24438024
24438016
24438040
24438032
24438048
24438056
24438064
24438072
27617292
27617284
27617308
27617300
27617316
27617324
27617332
27617340
24392416
24392424
24392432
24392440
24392472
24392464
24392456
24392448
32649984
32649992
32650000
32650008
24392480
24392488
24392496
24392504
24392860
24392852
24392844
24392836
24392868
24392876
24392884
24392892
24392828
24392820
24392812
24392804
24392536
24392528
24392520
24392512
24392544
24392552
24392560
24392568
21165512
21165504
21165528
21165520
21165536
21165544
21165552
21165560
27615952
27615960
27615936
27615944
27615968
27615976
27615984
27615992
27621272
27621264
27621256
27621248
27621280
27621288
27621296
27621304
24392780
24392772
24392796
24392788
29017120
29017128
29017136
29017144
28882872
28882864
28882856
28882848
24394148
24394156
24394164
24394172
24392741
24392749
24392757
24392765
24392704
24392712
24392720
24392728
24394196
24394204
24394180
24394188
24394212
24394220
24394228
24394236
24394244
24394252
24394260
24394268
24394276
24394284
24394292
24394300
29702656
29702664
29702672
29702680
24394392
24394384
24394376
24394368
24394400
24394408
24394416
24394424
27620244
27620252
27620228
27620236
27620260
27620268
27620276
27620284
29665248
29665256
29665264
29665272
29665676
29665668
29665692
29665684
29665700
29665708
29665716
29665724
29665323
29665315
29665339
29665331
31828000
31828008
31828016
31828024
29665352
29665344
29665368
29665360
29665376
29665384
29665392
29665400
29665280
29665288
29665296
29665304
29007888
29007896
29007872
29007880
101441568
101441576
101441584
101441592
29154864
29154872
29154848
29154856
29086720
29086728
29086736
29086744
29086752
29086760
29086768
29086776
29665628
29665620
29665612
29665604
29665636
29665644
29665652
29665660
27463440
27463448
27463424
27463432
27463456
27463464
27463472
27463480
27271208
27271200
27271224
27271216
29312416
29312424
29312432
29312440
29312464
29312472
29312448
29312456
29312480
29312488
29312496
29312504
29664940
29664932
29664956
29664948
29664988
29664980
29664972
29664964
29664996
29665004
29665012
29665020
29665240
29665232
29665224
29665216
29665036
29665028
29665052
29665044
29665060
29665068
29665076
29665084
29665184
29665192
29665200
29665208
29665180
29665172
29665164
29665156
28999236
28999244
28999252
28999260
28999268
28999276
28999284
28999292
25870400
25870408
25870416
25870424
29160120
29160112
29160104
29160096
29160192
29160200
29160208
29160216
29160224
29160232
29160240
29160248
29160580
29160588
29160596
29160604
29160612
29160620
29160628
29160636
29160128
29160136
29160144
29160152
29160160
29160168
29160176
29160184
29160548
29160556
29160564
29160572
29160256
29160264
29160272
29160280
29160288
29160296
29160304
29160312
29017640
29017632
29017656
29017648
29015000
29014992
29014984
29014976
29063968
29063976
29063984
29063992
29064002
29064010
29064018
29064026
32668480
32668488
32668496
32668504
32668512
32668520
32668528
32668536
29064034
29064042
29064050
29064058
29160500
29160508
29160484
29160492
26805720
26805712
26805704
26805696
26805728
26805736
26805744
26805752
25167296
25167304
25167312
25167320
25167328
25167336
25167344
25167352
28881656
28881648
28881640
28881632
25870924
25870916
25870940
25870932
120265284
120265292
120265300
120265308
120265316
120265324
120265332
120265340
29160461
29160453
29160477
29160469
29160424
29160416
29160440
29160432
120265380
120265388
120265396
120265404
120265528
120265520
120265512
120265504
59382528
59382536
59382544
59382552
120265540
120265548
120265556
120265564
59382624
59382632
59382640
59382648
120265572
120265580
120265588
120265596
28999500
28999492
28999516
28999508
28999524
28999532
28999540
28999548
29447144
29447136
29447160
29447152
29447216
29447224
29447200
29447208
29447604
29447612
29447588
29447596
29447616
29447624
29447632
29447640
29447648
29447656
29447664
29447672
29447572
29447580
29447556
29447564
29447248
29447256
29447232
29447240
29447264
29447272
29447280
29447288
29447176
29447168
29447192
29447184
29017672
29017664
29017688
29017680
29017696
29017704
29017712
29017720
29059896
29059888
29059880
29059872
34171648
34171656
34171664
34171672
29059930
29059922
29059914
29059906
32271168
32271176
32271184
32271192
29059938
29059946
29059954
29059962
29015040
29015048
29015056
29015064
29447524
29447532
29447540
29447548
29016856
29016848
29016840
29016832
29016864
29016872
29016880
29016888
27897464
27897456
27897448
27897440
29446836
29446844
29446820
29446828
29447485
29447477
29447469
29447461
29447448
29447440
29447432
29447424
29446884
29446892
29446900
29446908
34099904
34099912
34099920
34099928
29446932
29446940
29446916
29446924
121066240
121066248
121066256
121066264
29446948
29446956
29446964
29446972
29447080
29447072
29447096
29447088
29447104
29447112
29447120
29447128
29446860
29446852
29446876
29446868
101441596
101441588
101441580
101441572
101441540
101441548
101441556
101441564
27493140
27493148
27493124
27493132
27493156
27493164
27493172
27493180
61244160
61244168
61244176
61244184
29168632
29168624
29168616
29168608
29168640
29168648
29168656
29168664
29168672
29168680
29168688
29168696
29169060
29169068
29169076
29169084
33953152
33953160
33953168
33953176
33953184
33953192
33953200
33953208
29168707
29168715
29168723
29168731
29168739
29168747
29168755
29168763
29168768
29168776
29168784
29168792
29168800
29168808
29168816
29168824
27462096
27462104
27462080
27462088
27462112
27462120
27462128
27462136
31541424
31541432
31541408
31541416
31541458
31541466
31541442
31541450
31541474
31541482
31541490
31541498
29169012
29169020
29168996
29169004
27453256
27453248
27453272
27453264
27453280
27453288
27453296
27453304
27306056
27306048
27306072
27306064
27306080
27306088
27306096
27306104
33300032
33300040
33300048
33300056
33300064
33300072
33300080
33300088
93054512
93054520
93054496
93054504
26968928
26968936
26968944
26968952
23888736
23888744
23888752
23888760
26968924
26968916
26968908
26968900
26968856
26968848
26968840
26968832
26968864
26968872
26968880
26968888
28907792
28907800
28907776
28907784
28907808
28907816
28907824
28907832
29168324
29168332
29168340
29168348
29168356
29168364
29168372
29168380
29168420
29168428
29168436
29168444
29168568
29168560
29168552
29168544
29168580
29168588
29168596
29168604
27492828
27492820
27492812
27492804
27492836
27492844
27492852
27492860
29169760
29169768
29169776
29169784
29170188
29170180
29170204
29170196
29170212
29170220
29170228
29170236
29366784
29366792
29366800
29366808
29366816
29366824
29366832
29366840
29169835
29169827
29169851
29169843
29169864
29169856
29169880
29169872
29169888
29169896
29169904
29169912
29169792
29169800
29169808
29169816
27454816
27454824
27454832
27454840
27452176
27452184
27452160
27452168
27452192
27452200
27452208
27452216
29184616
29184608
29184632
29184624
51728992
51729000
51729008
51729016
29184650
29184642
29184666
29184658
121066144
121066152
121066160
121066168
29184674
29184682
29184690
29184698
29170140
29170132
29170124
29170116
29366752
29366760
29366768
29366776
29170148
29170156
29170164
29170172
27465256
27465248
27465272
27465264
33031224
33031216
33031208
33031200
29313400
29313392
29313384
29313376
17385792
17385800
17385808
17385816
17385824
17385832
17385840
17385848
29313424
29313432
29313408
29313416
29313440
29313448
29313456
29313464
120038316
120038308
120038332
120038324
27368880
27368888
27368864
27368872
27199248
27199256
27199232
27199240
27199264
27199272
27199280
27199288
34678520
34678512
34678504
34678496
26171584
26171592
26171600
26171608
26171616
26171624
26171632
26171640
29170044
29170036
29170028
29170020
29170048
29170056
29170064
29170072
29170080
29170088
29170096
29170104
29169960
29169952
29169976
29169968
33639360
33639368
33639376
33639384
33639392
33639400
33639408
33639416
32882260
32882268
32882244
32882252
32882276
32882284
32882292
32882300
21601548
21601540
21601564
21601556
50336733
50336725
50336717
50336709
50336741
50336749
50336757
50336765
23794624
23794632
23794640
23794648
61184293
61184301
61184309
61184317
61151173
61151181
61151189
61151197
61151205
61151213
61151221
61151229
61184493
61184485
61184509
61184501
4
0
6050436
6050444
6050452
6050460
6050468
6050476
6050484
6050492
1114392
1114384
1114376
1114368
1114424
1114416
1114408
1114400
1115352
1115344
1115336
1115328
1115384
1115376
1115368
1115360
1115512
1115504
1115496
1115488
5951696
5951704
5951680
5951688
29151456
29151464
29151472
29151480
5951712
5951720
5951728
5951736
6959704
6959696
6959688
6959680
6959736
6959728
6959720
6959712
6964242
6964250
6964226
6964234
6964258
6964266
6964274
6964282
6959768
6959760
6959752
6959744
33
33567392
33567400
33567408
33567416
6959800
6959792
6959784
6959776
6959224
6959216
6959208
6959200
6959258
6959248
6959240
6959232
32
6959288
6959280
6959272
6959264
6964384
6964392
6964400
6964408
5929528
5929520
5929512
5929504
5929560
5929552
5929544
5929536
5929592
5929584
5929576
5929568
5959416
5959408
5959400
5959392
5929624
5929616
5929608
5929600
5929656
5929648
5929640
5929632
5959452
5959444
5959436
5959428
5959460
5959468
5959476
5959484
6959384
6959376
6959368
6959360
29503776
29503784
29503792
29503800
6965424
6965432
6965408
6965416
6959416
6959408
6959400
6959392
6965400
6965392
6965384
6965376
6972248
6972240
6972232
6972224
6972280
6972272
6972264
6972256
6964048
6964056
6964032
6964040
6964064
6964072
6964080
6964088
6962744
6962736
6962728
6962720
6962776
6962768
6962760
6962752
92945984
92945992
92946000
92946008
92946016
92946024
92946032
92946040
6962808
6962800
6962792
6962784
6964368
6964376
6964352
6964360
6972312
6972304
6972296
6972288
6972344
6972336
6972328
6972320
32203680
32203688
32203696
32203704
6966784
6966792
6966800
6966808
33508864
33508872
33508880
33508888
6966816
6966824
6966832
6966840
6972379
6972368
6972360
6972352
6972408
6972400
6972392
6972384
6959320
6959312
6959304
6959296
6959352
6959344
6959336
6959328
7182872
7182864
7182856
7182848
7182904
7182896
7182888
7182880
7191250
7191258
7191234
7191242
7191266
7191274
7191282
7191290
7182936
7182928
7182920
7182912
33987136
33987144
33987152
33987160
33987168
33987176
33987184
33987192
7182968
7182960
7182952
7182944
7176108
7176100
7176124
7176116
32669600
32669608
32669616
32669624
7191052
7191044
7191068
7191060
7191076
7191084
7191092
7191100
7183000
7182992
7182984
7182976
7183032
7183024
7183016
7183008
7191220
7191228
7191204
7191212
7183064
7183056
7183048
7183040
7183096
7183088
7183080
7183072
7186584
7186576
7186568
7186560
7186592
7186600
7186608
7186616
6986808
6986800
6986792
6986784
6992068
6992076
6992084
6992092
6992100
6992108
6992116
6992124
6963288
6963280
6963272
6963264
6963320
6963312
6963304
6963296
5929688
5929680
5929672
5929664
5929720
5929712
5929704
5929696
29063872
29063880
29063888
29063896
5929752
5929744
5929736
5929728
5959500
5959492
5959516
5959508
5959524
5959532
5959540
5959548
5929784
5929776
5929768
5929760
27465628
27465620
27465612
27465604
26699608
26699600
26699592
26699584
26706840
26706832
26706824
26706816
26706872
26706864
26706856
26706848
26706904
26706896
26706888
26706880
26706936
26706928
26706920
26706912
29244948
29244956
29244932
29244940
29244964
29244972
29244980
29244988
94322208
94322216
94322224
94322232
29169452
29169444
29169468
29169460
29169500
29169492
29169484
29169476
29169508
29169516
29169524
29169532
29169752
29169744
29169736
29169728
29169548
29169540
29169564
29169556
29169572
29169580
29169588
29169596
29169696
29169704
29169712
29169720
29169692
29169684
29169676
29169668
29170888
29170880
29170904
29170896
29170912
29170920
29170928
29170936
29171316
29171324
29171300
29171308
29170963
29170971
29170947
29170955
29170979
29170987
29170995
29171003
29367552
29367560
29367568
29367576
29367584
29367592
29367600
29367608
26850520
26850512
26850504
26850496
26850552
26850544
26850536
26850528
29171024
29171032
29171008
29171016
29171040
29171048
29171056
29171064
27453496
27453488
27453480
27453472
27450328
27450320
27450312
27450304
27882544
27882552
27882528
27882536
27882578
27882586
27882562
27882570
27882594
27882602
27882610
27882618
29171268
29171276
29171284
29171292
27460240
27460248
27460224
27460232
27460256
27460264
27460272
27460280
33031792
33031800
33031776
33031784
26172552
26172544
26172568
26172560
26172576
26172584
26172592
26172600
31804376
31804368
31804360
31804352
31804408
31804400
31804392
31804384
27824680
27824672
27824696
27824688
27576784
27576792
27576768
27576776
27576800
27576808
27576816
27576824
33647200
33647208
33647216
33647224
33647232
33647240
33647248
33647256
33647264
33647272
33647280
33647288
29171172
29171180
29171188
29171196
29367744
29367752
29367760
29367768
29367776
29367784
29367792
29367800
29171204
29171212
29171220
29171228
29171236
29171244
29171252
29171260
29171088
29171096
29171072
29171080
29171104
29171112
29171120
29171128
29367680
29367688
29367696
29367704
29367712
29367720
29367728
29367736
32308920
32308912
32308904
32308896
102101912
102101904
102101896
102101888
102101944
102101936
102101928
102101920
32882200
32882192
32882184
32882176
21601496
21601488
21601480
21601472
50387317
50387325
50387301
50387309
26625781
26625789
26625765
26625773
61185078
61185086
61185062
61185070
61151958
61151966
61151942
61151950
61151974
61151982
61151990
61151998
61185278
61185270
61185262
61185254
28884632
28884624
28884616
28884608
28884640
28884648
28884656
28884664
29170580
29170588
29170564
29170572
29170596
29170604
29170612
29170620
23796640
23796648
23796656
23796664
29170628
29170636
29170644
29170652
29170660
29170668
29170676
29170684
29170824
29170816
29170840
29170832
29170848
29170856
29170864
29170872
29367424
29367432
29367440
29367448
29367456
29367464
29367472
29367480
27857820
27857812
27857804
27857796
27857828
27857836
27857844
27857852
32501264
32501272
32501248
32501256
32501280
32501288
32501296
32501304
33943072
33943080
33943088
33943096
32501336
32501328
32501320
32501312
32501344
32501352
32501360
32501368
32501724
32501716
32501708
32501700
32501732
32501740
32501748
32501756
25494268
25494260
25494252
25494244
32501692
32501684
32501676
32501668
25494286
25494278
25494302
25494294
32768800
32768808
32768816
32768824
25494310
25494318
25494326
25494334
25494395
25494387
25494379
25494371
32501400
32501392
32501384
32501376
32501408
32501416
32501424
32501432
27449800
27449792
27449816
27449808
27449568
27449576
27449584
27449592
27883320
27883312
27883304
27883296
104167168
104167176
104167184
104167192
104167200
104167208
104167216
104167224
27883354
27883346
27883338
27883330
27883362
27883370
27883378
27883386
32501644
32501636
32501660
32501652
25494468
25494476
25494484
25494492
25494500
25494508
25494516
25494524
28881096
28881088
28881112
28881104
28881120
28881128
28881136
28881144
24462876
24462868
24462860
24462852
24462884
24462892
24462900
24462908
32501605
32501613
32501621
32501629
32501568
32501576
32501584
32501592
24462924
24462916
24462940
24462932
24462948
24462956
24462964
24462972
24463120
24463128
24463104
24463112
24463136
24463144
24463152
24463160
33310464
33310472
33310480
33310488
50400280
50400272
50400264
50400256
50400312
50400304
50400296
50400288
24853152
24853160
24853168
24853176
24004824
24004816
24004808
24004800
24004856
24004848
24004840
24004832
17385664
17385672
17385680
17385688
17385696
17385704
17385712
17385720
23709297
23709305
23709281
23709289
25290192
25290200
25290176
25290184
24004984
24004976
24004968
24004960
26409784
26409776
26409768
26409760
26409816
26409808
26409800
26409792
26409848
26409840
26409832
26409824
23709316
23709324
23709332
23709340
23709348
23709356
23709364
23709372
26409880
26409872
26409864
26409856
26409912
26409904
26409896
26409888
23711297
23711305
23711313
23711321
23711329
23711337
23711345
23711353
23773305
23773297
23773289
23773281
24630200
24630192
24630184
24630176
23773316
23773324
23773332
23773340
26410040
26410032
26410024
26410016
23773348
23773356
23773364
23773372
26410072
26410064
26410056
26410048
26410104
26410096
26410088
26410080
23773689
23773681
23773673
23773665
23773700
23773708
23773716
23773724
23773732
23773740
23773748
23773756
23773769
23773761
23773785
23773777
23773793
23773801
23773809
23773817
26410136
26410128
26410120
26410112
26410168
26410160
26410152
26410144
26410200
26410192
26410184
26410176
26410232
26410224
26410216
26410208
26410264
26410256
26410248
26410240
26410296
26410288
26410280
26410272
21238368
21238376
21238384
21238392
23773849
23773841
23773833
23773825
23773857
23773865
23773873
23773881
23774617
23774609
23774601
23774593
23774625
23774633
23774641
23774649
23774697
23774689
23774713
23774705
23774720
23774728
23774736
23774744
23774752
23774760
23774768
23774776
23774785
23774793
23774801
23774809
23774817
23774825
23774833
23774841
23774865
23774873
23774849
23774857
23774881
23774889
23774897
23774905
23775249
23775257
23775233
23775241
32425984
32425992
32426000
32426008
23775265
23775273
23775281
23775289
24630232
24630224
24630216
24630208
23775337
23775329
23775353
23775345
23775360
23775368
23775376
23775384
23775392
23775400
23775408
23775416
23775633
23775641
23775617
23775625
23775649
23775657
23775665
23775673
23716833
23716841
23716849
23716857
28959712
28959720
28959728
28959736
23716913
23716921
23716897
23716905
23716932
23716940
23716948
23716956
23716964
23716972
23716980
23716988
23716993
23717001
23717009
23717017
23717025
23717033
23717041
23717049
26410392
26410384
26410376
26410368
26410424
26410416
26410408
26410400
32204660
32204668
32204644
32204652
23754644
23754652
23754628
23754636
23754660
23754668
23754676
23754684
26410520
26410512
26410504
26410496
26410552
26410544
26410536
26410528
23854592
23854600
23854608
23854616
23717185
23717193
23717201
23717209
23717217
23717225
23717233
23717241
26410584
26410576
26410568
26410560
26410616
26410608
26410600
26410592
26410648
26410640
26410632
26410624
26410680
26410672
26410664
26410656
23718561
23718569
23718577
23718585
23731473
23731481
23731457
23731465
23731489
23731497
23731505
23731513
23732633
23732625
23732617
23732609
23732641
23732649
23732657
23732665
23735825
23735833
23735809
23735817
23735841
23735849
23735857
23735865
23747153
23747161
23747137
23747145
28793440
28793448
28793456
28793464
23747169
23747177
23747185
23747193
23747321
23747313
23747305
23747297
23747328
23747336
23747344
23747352
23747360
23747368
23747376
23747384
33970976
33970984
33970992
33971000
24004792
24004784
24004776
24004768
17385600
17385608
17385616
17385624
17385632
17385640
17385648
17385656
24852952
24852944
24852936
24852928
24852960
24852968
24852976
24852984
101673592
101673584
101673576
101673568
101673624
101673616
101673608
101673600
101673656
101673648
101673640
101673632
51926840
51926832
51926824
51926816
51926872
51926864
51926856
51926848
51926904
51926896
51926888
51926880
17524544
17524552
17524560
17524568
123601792
123601800
123601808
123601816
25124896
25124904
25124912
25124920
31678464
31678472
31678480
31678488
31678496
31678504
31678512
31678520
25125136
25125144
25125120
25125128
31678752
31678760
31678768
31678776
25125152
25125160
25125168
25125176
123601864
123601856
123601880
123601872
25597328
25597336
25597312
25597320
25597344
25597352
25597360
25597368
26056064
26056072
26056080
26056088
25128204
25128196
25128220
25128212
25128228
25128236
25128244
25128252
25128460
25128452
25128476
25128468
25128484
25128492
25128500
25128508
33975808
33975816
33975824
33975832
24234168
24234160
24234152
24234144
26674328
26674320
26674312
26674304
26674360
26674352
26674344
26674336
26675736
26675728
26675720
26675712
26675768
26675760
26675752
26675744
25626640
25626648
25626624
25626632
25626656
25626664
25626672
25626680
25627012
25627020
25627028
25627036
25627044
25627052
25627060
25627068
25626560
25626568
25626576
25626584
25626592
25626600
25626608
25626616
25625740
25625732
25625756
25625748
25625764
25625772
25625780
25625788
25596328
25596320
25596344
25596336
31691136
31691144
31691152
31691160
25625980
25625972
25625964
25625956
25626540
25626532
25626556
25626548
25596392
25596384
25596408
25596400
25596352
25596360
25596368
25596376
25626924
25626916
25626940
25626932
25626896
25626904
25626880
25626888
25127660
25127652
25127676
25127668
21238316
21238308
21238332
21238324
23890628
23890636
23890644
23890652
23890660
23890668
23890676
23890684
25332416
25332424
25332432
25332440
25332448
25332456
25332464
25332472
25127680
25127688
25127696
25127704
25127712
25127720
25127728
25127736
21166784
21166792
21166800
21166808
21166816
21166824
21166832
21166840
29009984
29009992
29010000
29010008
29010016
29010024
29010032
29010040
24209048
24209040
24209032
24209024
24209080
24209072
24209064
24209056
23952216
23952208
23952200
23952192
23952248
23952240
23952232
23952224
25626260
25626268
25626244
25626252
25626276
25626284
25626292
25626300
24002616
24002608
24002600
24002592
24002648
24002640
24002632
24002624
24002680
24002672
24002664
24002656
24209240
24209232
24209224
24209216
28937353
28937345
28937369
28937361
28937377
28937385
28937393
28937401
25127747
25127755
25127763
25127771
25127779
25127787
25127795
25127803
24002584
24002576
24002568
24002560
7186510
7186502
7186526
7186518
7186534
7186542
7186550
7186558
33269824
33269832
33269840
33269848
5893912
5893904
5893896
5893888
5893944
5893936
5893928
5893920
5893976
5893968
5893960
5893952
120713024
120713032
120713040
120713048
5894008
5894000
5893992
5893984
5894104
5894096
5894088
5894080
5894136
5894128
5894120
5894112
25596584
25596576
25596600
25596592
27734264
27734256
27734248
27734240
27734296
27734288
27734280
27734272
27734328
27734320
27734312
27734304
27734360
27734352
27734344
27734336
27734392
27734384
27734376
27734368
25628260
25628268
25628276
25628284
27734584
27734576
27734568
27734560
27734619
27734608
27734600
27734592
25596316
25596308
25596300
25596292
27734648
27734640
27734632
27734624
27734904
27734896
27734888
27734880
27735064
27735056
27735048
27735040
27735096
27735088
27735080
27735072
25626028
25626020
25626044
25626036
27735160
27735152
27735144
27735136
27735192
27735184
27735176
27735168
32846976
32846984
32846992
32847000
21165952
21165960
21165968
21165976
21165984
21165992
21166000
21166008
27735224
27735216
27735208
27735200
21538616
21538608
21538600
21538592
21538648
21538640
21538632
21538624
21538680
21538672
21538664
21538656
27809048
27809040
27809032
27809024
27809080
27809072
27809064
27809056
27809144
27809136
27809128
27809120
27809176
27809168
27809160
27809152
27809208
27809200
27809192
27809184
26684376
26684368
26684360
26684352
26684408
26684400
26684392
26684384
25626312
25626304
25626328
25626320
25626336
25626344
25626352
25626360
26684440
26684432
26684424
26684416
26684472
26684464
26684456
26684448
26684504
26684496
26684488
26684480
26684536
26684528
26684520
26684512
27810296
27810288
27810280
27810272
27810328
27810320
27810312
27810304
27810360
27810352
27810344
27810336
27810392
27810384
27810376
27810368
27810424
27810416
27810408
27810400
27735256
27735248
27735240
27735232
27735288
27735280
27735272
27735264
21073432
21073424
21073416
21073408
21073464
21073456
21073448
21073440
27627008
27627016
27627024
27627032
25626132
25626140
25626116
25626124
25626148
25626156
25626164
25626172
21033016
21033008
21033000
21032992
21033048
21033040
21033032
21033024
21033080
21033072
21033064
21033056
27735928
27735920
27735912
27735904
27735960
27735952
27735944
27735936
27736024
27736016
27736008
27736000
27736056
27736048
27736040
27736032
25626208
25626216
25626224
25626232
102101464
102101456
102101448
102101440
102101496
102101488
102101480
102101472
102101624
102101616
102101608
102101600
102101656
102101648
102101640
102101632
102101688
102101680
102101672
102101664
27736088
27736080
27736072
27736064
27736120
27736112
27736104
27736096
27736216
27736208
27736200
27736192
27736248
27736240
27736232
27736224
25626792
25626784
25626808
25626800
27736440
27736432
27736424
27736416
27736504
27736496
27736488
27736480
27736632
27736624
27736616
27736608
92944896
92944904
92944912
92944920
92944928
92944936
92944944
92944952
27736696
27736688
27736680
27736672
27736760
27736752
27736744
27736736
27736792
27736784
27736776
27736768
27736824
27736816
27736808
27736800
27736856
27736848
27736840
27736832
27736888
27736880
27736872
27736864
24168184
24168176
24168168
24168160
60933824
60933832
60933840
60933848
60933856
60933864
60933872
60933880
24168216
24168208
24168200
24168192
24168248
24168240
24168232
24168224
1117720
1117712
1117704
1117696
1117752
1117744
1117736
1117728
25169408
25169416
25169424
25169432
25169440
25169448
25169456
25169464
25597076
25597084
25597060
25597068
25597092
25597100
25597108
25597116
25625988
25625996
25626004
25626012
27704280
27704272
27704264
27704256
27704312
27704304
27704296
27704288
48257196
48257188
48257212
48257204
27704344
27704336
27704328
27704320
27704376
27704368
27704360
27704352
27704408
27704400
27704392
27704384
27704440
27704432
27704424
27704416
21540024
21540016
21540008
21540000
21540056
21540048
21540040
21540032
21540088
21540080
21540072
21540064
123601920
123601928
123601936
123601944
25669664
25669672
25669680
25669688
21540120
21540112
21540104
21540096
21540152
21540144
21540136
21540128
25669700
25669708
25669716
25669724
25669732
25669740
25669748
25669756
25669772
25669764
25669788
25669780
25669796
25669804
25669812
25669820
120038780
120038772
120038764
120038756
31235796
31235804
31235780
31235788
31235812
31235820
31235828
31235836
25669844
25669852
25669828
25669836
25669860
25669868
25669876
25669884
29555464
29555456
29555480
29555472
29714084
29714092
29714100
29714108
25669916
25669908
25669900
25669892
25669924
25669932
25669940
25669948
29143328
29143336
29143344
29143352
29664132
29664140
29664148
29664156
29664164
29664172
29664180
29664188
25669952
25669960
25669968
25669976
25669984
25669992
25670000
25670008
30221644
30221636
30221660
30221652
30221668
30221676
30221684
30221692
25670024
25670016
25670040
25670032
25670048
25670056
25670064
25670072
25670096
25670104
25670080
25670088
29143520
29143528
29143536
29143544
25670112
25670120
25670128
25670136
28914252
28914244
28914268
28914260
28914276
28914284
28914292
28914300
29504064
29504072
29504080
29504088
25670168
25670160
25670152
25670144
25670176
25670184
25670192
25670200
23835168
23835176
23835184
23835192
29444356
29444364
29444372
29444380
29444388
29444396
29444404
29444412
25670240
25670248
25670256
25670264
29143616
29143624
29143632
29143640
25670276
25670284
25670292
25670300
25670308
25670316
25670324
25670332
23835264
23835272
23835280
23835288
29445252
29445260
29445268
29445276
29445284
29445292
29445300
29445308
25670348
25670340
25670364
25670356
25670372
25670380
25670388
25670396
24391924
24391932
24391908
24391916
25670420
25670428
25670404
25670412
25670436
25670444
25670452
25670460
29555976
29555968
29555992
29555984
25670492
25670484
25670476
25670468
25670500
25670508
25670516
25670524
29155524
29155532
29155540
29155548
29155556
29155564
29155572
29155580
25670528
25670536
25670544
25670552
25670560
25670568
25670576
25670584
25670600
25670592
25670616
25670608
25670624
25670632
25670640
25670648
29178676
29178684
29178660
29178668
25670672
25670680
25670656
25670664
25670688
25670696
25670704
25670712
120039512
120039504
120039496
120039488
120039520
120039528
120039536
120039544
33406012
33406004
33405996
33405988
29596572
29596564
29596556
29596548
29596580
29596588
29596596
29596604
25670744
25670736
25670728
25670720
25670752
25670760
25670768
25670776
32987636
32987644
32987620
32987628
126900704
126900712
126900720
126900728
120039388
120039380
120039372
120039364
120039396
120039404
120039412
120039420
32848636
32848628
32848620
32848612
25670816
25670824
25670832
25670840
23835808
23835816
23835824
23835832
33403636
33403644
33403620
33403628
25670852
25670860
25670868
25670876
25670884
25670892
25670900
25670908
33586020
33586028
33586036
33586044
33584036
33584044
33584052
33584060
25670924
25670916
25670940
25670932
25670948
25670956
25670964
25670972
29652052
29652060
29652036
29652044
29652068
29652076
29652084
29652092
32965316
32965324
32965332
32965340
32965348
32965356
32965364
32965372
32768704
32768712
32768720
32768728
32768736
32768744
32768752
32768760
25670996
25671004
25670980
25670988
25671012
25671020
25671028
25671036
33541324
33541316
33541340
33541332
33541348
33541356
33541364
33541372
120039128
120039120
120039112
120039104
25671068
25671060
25671052
25671044
25671076
25671084
25671092
25671100
25671104
25671112
25671120
25671128
25671136
25671144
25671152
25671160
32788300
32788292
32788316
32788308
32788324
32788332
32788340
32788348
25671176
25671168
25671192
25671184
25671200
25671208
25671216
25671224
23836192
23836200
23836208
23836216
33577052
33577044
33577036
33577028
33577060
33577068
33577076
33577084
48191552
48191560
48191568
48191576
33573404
33573396
33573388
33573380
33573412
33573420
33573428
33573436
126896640
126896648
126896656
126896664
25671248
25671256
25671232
25671240
31503936
31503944
31503952
31503960
31503968
31503976
31503984
31503992
25671264
25671272
25671280
25671288
120039348
120039356
120039332
120039340
33312580
33312588
33312596
33312604
33312612
33312620
33312628
33312636
29485420
29485412
29485436
29485428
27912512
27912520
27912528
27912536
27912544
27912552
27912560
27912568
25671320
25671312
25671304
25671296
25671328
25671336
25671344
25671352
120039300
120039308
120039316
120039324
24398956
24398948
24398972
24398964
25671392
25671400
25671408
25671416
32866660
32866668
32866676
32866684
25671428
25671436
25671444
25671452
25671460
25671468
25671476
25671484
25671500
25671492
25671516
25671508
25671524
25671532
25671540
25671548
32782172
32782164
32782156
32782148
32782180
32782188
32782196
32782204
32846420
32846428
32846404
32846412
32846436
32846444
32846452
32846460
25671572
25671580
25671556
25671564
25671588
25671596
25671604
25671612
33492356
33492364
33492372
33492380
33492388
33492396
33492404
33492412
25671644
25671636
25671628
25671620
25671652
25671660
25671668
25671676
29669344
29669352
29669360
29669368
33310020
33310028
33310036
33310044
33310052
33310060
33310068
33310076
25671680
25671688
25671696
25671704
25671712
25671720
25671728
25671736
32927068
32927060
32927052
32927044
32927076
32927084
32927092
32927100
120039792
120039800
120039776
120039784
33549044
33549052
33549028
33549036
25671752
25671744
25671768
25671760
25671776
25671784
25671792
25671800
32963716
32963724
32963732
32963740
32963748
32963756
32963764
32963772
25671824
25671832
25671808
25671816
25671840
25671848
25671856
25671864
25671896
25671888
25671880
25671872
25671904
25671912
25671920
25671928
32991324
32991316
32991308
32991300
32991332
32991340
32991348
32991356
29124704
29124712
29124720
29124728
33483308
33483300
33483324
33483316
25671968
25671976
25671984
25671992
33970588
33970580
33970572
33970564
32987552
32987560
32987568
32987576
33970596
33970604
33970612
33970620
25672004
25672012
25672020
25672028
25672036
25672044
25672052
25672060
33318052
33318060
33318068
33318076
32425524
32425532
32425508
32425516
25672076
25672068
25672092
25672084
25672100
25672108
25672116
25672124
25672148
25672156
25672132
25672140
25672164
25672172
25672180
25672188
33448924
33448916
33448908
33448900
33448932
33448940
33448948
33448956
25672220
25672212
25672204
25672196
25672228
25672236
25672244
25672252
33506892
33506884
33506908
33506900
33506916
33506924
33506932
33506940
25672256
25672264
25672272
25672280
25672288
25672296
25672304
25672312
120039680
120039688
120039696
120039704
25672328
25672320
25672344
25672336
25672352
25672360
25672368
25672376
33877836
33877828
33877852
33877844
33877860
33877868
33877876
33877884
33473284
33473292
33473300
33473308
33986724
33986732
33986740
33986748
25672400
25672408
25672384
25672392
25672416
25672424
25672432
25672440
33508828
33508820
33508812
33508804
33508836
33508844
33508852
33508860
25672472
25672464
25672456
25672448
25672480
25672488
25672496
25672504
32770492
32770484
32770476
32770468
32508276
32508284
32508260
32508268
25672544
25672552
25672560
25672568
25672580
25672588
25672596
25672604
25672612
25672620
25672628
25672636
25672652
25672644
25672668
25672660
25672676
25672684
25672692
25672700
28949472
28949480
28949488
28949496
25672724
25672732
25672708
25672716
25672740
25672748
25672756
25672764
25672796
25672788
25672780
25672772
25672804
25672812
25672820
25672828
25672832
25672840
25672848
25672856
25672864
25672872
25672880
25672888
25672904
25672896
25672920
25672912
25672928
25672936
25672944
25672952
25672976
25672984
25672960
25672968
25672992
25673000
25673008
25673016
25673048
25673040
25673032
25673024
25673056
25673064
25673072
25673080
25673120
25673128
25673136
25673144
25673156
25673164
25673172
25673180
25673188
25673196
25673204
25673212
25673228
25673220
25673244
25673236
25673252
25673260
25673268
25673276
29146624
29146632
29146640
29146648
25673300
25673308
25673284
25673292
25673316
25673324
25673332
25673340
25673372
25673364
25673356
25673348
25673380
25673388
25673396
25673404
25673408
25673416
25673424
25673432
25673440
25673448
25673456
25673464
25673480
25673472
25673496
25673488
25673504
25673512
25673520
25673528
25673552
25673560
25673536
25673544
25673568
25673576
25673584
25673592
25673624
25673616
25673608
25673600
25673632
25673640
25673648
25673656
25673696
25673704
25673712
25673720
25628676
25628684
25628692
25628700
25628708
25628716
25628724
25628732
25628748
25628740
25628764
25628756
25628772
25628780
25628788
25628796
25628820
25628828
25628804
25628812
25628836
25628844
25628852
25628860
25628892
25628884
25628876
25628868
25628900
25628908
25628916
25628924
25628928
25628936
25628944
25628952
25628960
25628968
25628976
25628984
25629000
25628992
25629016
25629008
25629024
25629032
25629040
25629048
25629072
25629080
25629056
25629064
25629088
25629096
25629104
25629112
25629144
25629136
25629128
25629120
25629152
25629160
25629168
25629176
27857376
27857384
27857392
27857400
25629216
25629224
25629232
25629240
25629252
25629260
25629268
25629276
25629284
25629292
25629300
25629308
25629324
25629316
25629340
25629332
25629348
25629356
25629364
25629372
25629396
25629404
25629380
25629388
25629412
25629420
25629428
25629436
25629468
25629460
25629452
25629444
25629476
25629484
25629492
25629500
25629504
25629512
25629520
25629528
25629536
25629544
25629552
25629560
25629576
25629568
25629592
25629584
25629600
25629608
25629616
25629624
25629648
25629656
25629632
25629640
25629664
25629672
25629680
25629688
25629720
25629712
25629704
25629696
25629728
25629736
25629744
25629752
25629792
25629800
25629808
25629816
21238880
21238888
21238896
21238904
25629828
25629836
25629844
25629852
25629860
25629868
25629876
25629884
25629900
25629892
25629916
25629908
25629924
25629932
25629940
25629948
25629972
25629980
25629956
25629964
25629988
25629996
25630004
25630012
25630044
25630036
25630028
25630020
25630052
25630060
25630068
25630076
25630080
25630088
25630096
25630104
25630112
25630120
25630128
25630136
25630152
25630144
25630168
25630160
25630176
25630184
25630192
25630200
25630224
25630232
25630208
25630216
25630240
25630248
25630256
25630264
25630296
25630288
25630280
25630272
25630304
25630312
25630320
25630328
32118336
32118344
32118352
32118360
25630368
25630376
25630384
25630392
25630404
25630412
25630420
25630428
25630436
25630444
25630452
25630460
25630476
25630468
25630492
25630484
25630500
25630508
25630516
25630524
25630548
25630556
25630532
25630540
25630564
25630572
25630580
25630588
25630620
25630612
25630604
25630596
25630628
25630636
25630644
25630652
33888160
33888168
33888176
33888184
25630656
25630664
25630672
25630680
25630688
25630696
25630704
25630712
25630728
25630720
25630744
25630736
25630752
25630760
25630768
25630776
25630800
25630808
25630784
25630792
25630816
25630824
25630832
25630840
25630872
25630864
25630856
25630848
25630880
25630888
25630896
25630904
25630944
25630952
25630960
25630968
29366464
29366472
29366480
29366488
29366496
29366504
29366512
29366520
25630980
25630988
25630996
25631004
25631012
25631020
25631028
25631036
25631052
25631044
25631068
25631060
25631076
25631084
25631092
25631100
25631124
25631132
25631108
25631116
25631140
25631148
25631156
25631164
29366656
29366664
29366672
29366680
29366688
29366696
29366704
29366712
25631196
25631188
25631180
25631172
59382240
59382248
59382256
59382264
25631204
25631212
25631220
25631228
25631232
25631240
25631248
25631256
25631264
25631272
25631280
25631288
59382272
59382280
59382288
59382296
25631304
25631296
25631320
25631312
29366848
29366856
29366864
29366872
29366880
29366888
29366896
29366904
25631328
25631336
25631344
25631352
25631376
25631384
25631360
25631368
25631392
25631400
25631408
25631416
25631448
25631440
25631432
25631424
25631456
25631464
25631472
25631480
25631520
25631528
25631536
25631544
29367040
29367048
29367056
29367064
29367072
29367080
29367088
29367096
25631556
25631564
25631572
25631580
25631588
25631596
25631604
25631612
25631628
25631620
25631644
25631636
25631652
25631660
25631668
25631676
25631700
25631708
25631684
25631692
25631716
25631724
25631732
25631740
17386432
17386440
17386448
17386456
17386464
17386472
17386480
17386488
25631772
25631764
25631756
25631748
25631780
25631788
25631796
25631804
29367296
29367304
29367312
29367320
17386496
17386504
17386512
17386520
17386528
17386536
17386544
17386552
25631808
25631816
25631824
25631832
25631840
25631848
25631856
25631864
25631880
25631872
25631896
25631888
25631904
25631912
25631920
25631928
33102976
33102984
33102992
33103000
25631952
25631960
25631936
25631944
25631968
25631976
25631984
25631992
25632024
25632016
25632008
25632000
25632032
25632040
25632048
25632056
25632096
25632104
25632112
25632120
25632132
25632140
25632148
25632156
25632164
25632172
25632180
25632188
25632204
25632196
25632220
25632212
25632228
25632236
25632244
25632252
25632276
25632284
25632260
25632268
25632292
25632300
25632308
25632316
33168896
33168904
33168912
33168920
33168928
33168936
33168944
33168952
25632348
25632340
25632332
25632324
25632356
25632364
25632372
25632380
25632384
25632392
25632400
25632408
25632416
25632424
25632432
25632440
25632456
25632448
25632472
25632464
25632480
25632488
25632496
25632504
25632528
25632536
25632512
25632520
25632544
25632552
25632560
25632568
25632600
25632592
25632584
25632576
25632608
25632616
25632624
25632632
25632672
25632680
25632688
25632696
25632708
25632716
25632724
25632732
25632740
25632748
25632756
25632764
25673740
25673732
25673756
25673748
25673764
25673772
25673780
25673788
25673812
25673820
25673796
25673804
25673828
25673836
25673844
25673852
25673884
25673876
25673868
25673860
25673892
25673900
25673908
25673916
25673920
25673928
25673936
25673944
25673952
25673960
25673968
25673976
25673992
25673984
25674008
25674000
25674016
25674024
25674032
25674040
32293120
32293128
32293136
32293144
25674064
25674072
25674048
25674056
25674080
25674088
25674096
25674104
25674136
25674128
25674120
25674112
25674144
25674152
25674160
25674168
25674208
25674216
25674224
25674232
25674244
25674252
25674260
25674268
25674276
132807468
64
132807468
132807468
132807468
132807468
67
64
64
132807468
132807468
132807468
132807468
67
64
64
132807468
132807468
132807468
132807468
67
64
64
132807468
132807468
132807468
132807468
67
64
64
132807468
132807468
132807468
132807468
67
64
64
132807468
132807468
132807468
132807468
67
64
64
132807468
132807468
132807468
132807468
67
64
64
132807468
132807468
132807468
132807468
67
64
64
132807468
132807468
132807468
132807468
67
64
64
132807468
132807468
132807468
132807468
67
64
64
132807468
132807468
132807468
132807468
67
64
64
132807468
132807468
132807468
132807468
67
64
64
132807468
132807468
132807468
132807468
67
64
64
132807468
132807468
132807468
132807468
67
64
64
132807468
132807468
132807468
132807468
67
64
64
132807468
132807468
132807468
132807468
67
64
64
132807468
132807468
132807468
132807468
67
64
64
132807468
132807468
132807468
132807468
67
64
64
132807468
132807468
132807468
132807468
67
64
64
132807468
132807468
132807468
132807468
67
64
64
132807468
132807468
132807468
132807468
67
64
64
132807468
132807468
24392400
24392408
24392384
24392392
132807468
132807468
67
64
64
132807468
132807468
132807468
132807468
33
132807468
132807468
21238344
21238336
21238360
21238352
33883264
33883272
33883280
33883288
33883296
33883304
33883312
33883320
132807468
132807468
67
64
64
132807468
132807468
132807468
132807468
67
64
64
132807468
132807468
132807468
132807468
67
64
64
132807468
132807468
132807468
132807468
67
64
64
132807468
132807468
29486944
29486952
29486960
29486968
29486848
29486856
29486864
29486872
29486880
29486888
29486896
29486904